Vernier Format 2
cinematique-10-accandstop-reverse.CMBL 2023-11-09 12:05 .
Latest
Time	Position	Velocity	Acceleration
t	x	v	acc
s	m	m/s	m/s²

0.05	0.3572345	-0.000762222222222	-0.00752694444444
0.1	0.3572345	-0.00138152777778	-0.00160384259259
0.15	0.357063	-0.00125766666667	0.00481152777778
0.2	0.357063	-0.000476388888889	0.00462097222222
0.25	0.357063	-0.000476388888889	0.000375817901233
0.3	0.357063	-0.00104805555556	0.00625657407407
0.35	0.3568915	-0.000476388888889	0.0208023148148
0.4	0.3568915	0.00209611111111	0.0158796296296
0.45	0.3572345	0.00228666666667	-0.00963364197531
0.5	0.3572345	0.000381111111111	-0.0222314814815
0.55	0.3572345	-0.00104805555556	-0.0141328703704
0.6	0.357063	-0.00123861111111	-0.000423456790125
0.65	0.357063	-0.000476388888889	0.00333472222222
0.7	0.357063	-0.000476388888889	0.000158796296294
0.75	0.357063	-0.00104805555556	0.00624598765432
0.8	0.3568915	-0.000476388888889	0.0208023148148
0.85	0.3568915	0.00209611111111	0.0158796296296
0.9	0.3572345	0.00228666666667	-0.00963364197531
0.95	0.3572345	0.000381111111111	-0.0222314814815
1	0.3572345	-0.00104805555556	-0.0141328703704
1.05	0.357063	-0.00123861111111	-0.000423456790125
1.1	0.357063	-0.000476388888889	0.00328179012346
1.15	0.357063	-0.000476388888889	-0.000158796296298
1.2	0.357063	-0.00104805555556	0.00486975308642
1.25	0.3568915	-0.000571666666667	0.0182086419753
1.3	0.3568915	0.00181027777778	0.0133918209877
1.35	0.3572345	0.00152444444444	-0.00698703703704
1.4	0.357063	0.000571666666667	-0.0218609567901
1.45	0.3572345	-9.52777777779E-05	-0.0444100308642
1.5	0.3572345	-0.00390638888889	-0.060025
1.55	0.3568915	-0.00819388888889	-0.0359408950617
1.6	0.3562055	-0.00867027777778	0.0102158950617
1.65	0.3558625	-0.00590722222222	0.0356233024691
1.7	0.355691	-0.00381111111111	0.0343
1.75	0.3555195	-0.0025725	0.0289538580247
1.8	0.355348	-0.000381111111111	0.0169382716049
1.85	0.355691	-0.00133388888889	0.0165677469136
1.9	0.3551765	-0.00114333333333	0.0526674382716
1.95	0.3551765	0.00543083333333	0.0560021604938
2	0.3558625	0.00886083333333	-0.0166736111111
2.05	0.3565485	0.00362055555556	-0.0828387345679
2.1	0.356377	-0.00447805555556	-0.0548905864198
2.15	0.355691	-0.00504972222222	0.0357820987654
2.2	0.3555195	0.00123861111111	0.0945367283951
2.25	0.3558625	0.00752694444444	0.104064506173
2.3	0.3565485	0.0100994444444	0.148156944444
2.35	0.35672	0.0168641666667	0.298484104938
2.4	0.3575775	0.0373488888889	0.505131018519
2.45	0.3599785	0.0692669444444	0.680918518519
2.5	0.364266	0.108045	0.800280401235
2.55	0.3706115	0.151301111111	0.869991975309
2.6	0.379358	0.196176944444	0.907891358025
2.65	0.3901625	0.242577222222	0.92779382716
2.7	0.4035395	0.290216111111	0.919959876543
2.75	0.4193175	0.335473055556	0.891058950617
2.8	0.4371535	0.379205555556	0.854800462963
2.85	0.457219	0.422080555556	0.788847067901
2.9	0.479514	0.460668055556	0.671920061728
2.95	0.5036955	0.490394722222	0.532708641975
3	0.528906	0.512213333333	0.421657098765
3.05	0.554974	0.531078333333	0.335218981481
3.1	0.582071	0.547180277778	0.220779783951
3.15	0.6100255	0.555374166667	0.0610307098765
3.2	0.63798	0.554421388889	-0.124919753086
3.25	0.6659345	0.542511666667	-0.308435339506
3.3	0.692517	0.522598611111	-0.476547685185
3.35	0.7184135	0.495730277778	-0.656622685185
3.4	0.742595	0.457333333333	-0.835056790123
3.45	0.764547	0.409885	-0.962676080247
3.5	0.783755	0.357768055556	-1.02291280864
3.55	0.800219	0.306508611111	-1.05663055556
3.6	0.8144535	0.253534166667	-1.10945679012
3.65	0.8257725	0.196272222222	-1.16260061728
3.7	0.8343475	0.134341666667	-1.1405808642
3.75	0.8391495	0.0752694444444	-0.967016512346
3.8	0.8412075	0.0315369444444	-0.664297839506
3.85	0.841379	0.00847972222222	-0.34988117284
3.9	0.841379	0.00152444444444	-0.135559104938
3.95	0.841379	9.52777777778E-05	-0.0356762345679
4	0.841379	0.000190555555556	0.0015350308642
4.05	0.841379	0.000762222222222	0.0146092592593
4.1	0.841379	0.00247722222222	0.00778101851852
4.15	0.841722	0.00238194444444	-0.0143445987654
4.2	0.841722	0.000381111111111	-0.0243487654321
4.25	0.841722	-0.00104805555556	-0.0159325617284
4.3	0.8415505	-0.00133388888889	-0.00349351851852
4.35	0.8415505	-0.000762222222222	-0.000952777777778
4.4	0.8415505	-0.00133388888889	-0.000952777777778
4.45	0.841379	-0.00133388888889	0.00730462962963
4.5	0.841379	-0.000476388888889	0.0139740740741
4.55	0.841379	-0.000190555555556	0.0220726851852
4.6	0.8412075	0.00238194444444	0.0164089506173
4.65	0.841722	0.00295361111111	-0.0141328703704
4.7	0.841722	-0.000190555555556	-0.0244016975309
4.75	0.8415505	-0.000952777777778	-0.00883966049383
4.8	0.8415505	-0.000476388888889	-0.000158796296296
4.85	0.8415505	-0.000381111111111	-0.000846913580247
4.9	0.8415505	-0.000952777777778	0.00333472222222
4.95	0.841379	-0.000190555555556	0.00921018518518
5	0.8415505	0.000285833333333	0.00825740740741
5.05	0.841379	0.00104805555556	-0.000105864197531
5.1	0.841722	0.000666944444444	-0.014450462963
5.15	0.8415505	-0.00152444444444	-0.00942191358025
5.2	0.841379	-0.000571666666667	0.00179969135802
5.25	0.8415505	-0.000476388888889	-0.000105864197531
5.3	0.841379	-0.000952777777778	0.00370524691358
5.35	0.841379	-0.000285833333333	0.0107452160494
5.4	0.841379	0.000190555555556	0.0167794753086
5.45	0.841379	0.00114333333333	0.0227078703704
5.5	0.841379	0.00362055555556	0.0041287037037
5.55	0.8418935	0.00314416666667	-0.0470566358025
5.6	0.8418935	-0.00123861111111	-0.109728240741
5.65	0.841722	-0.00657416666667	-0.215433641975
5.7	0.841379	-0.0176263888889	-0.425891666667
5.75	0.840693	-0.0451616666667	-0.705426080247
5.8	0.8377775	-0.0917525	-0.906303395062
5.85	0.831775	-0.144631666667	-0.927899691358
5.9	0.822857	-0.189698055556	-0.835903703704
5.95	0.8123955	-0.226475277778	-0.763916049383
6	0.800219	-0.262395	-0.761692901235
6.05	0.7863275	-0.301268333333	-0.79361095679
6.1	0.7702065	-0.342618888889	-0.814995524691
6.15	0.7520275	-0.383778888889	-0.815313117284
6.2	0.7317905	-0.424271944444	-0.804462037037
6.25	0.709667	-0.465241388889	-0.765927469136
6.3	0.6851425	-0.503161944444	-0.675360648148
6.35	0.6590745	-0.534508333333	-0.539219290123
6.4	0.631463	-0.55909	-0.35543904321
6.45	0.602651	-0.571571388889	-0.137782253086
6.5	0.573839	-0.572524166667	0.077175
6.55	0.545027	-0.5633775	0.280593055556
6.6	0.5170725	-0.543655	0.460244598765
6.65	0.4903185	-0.515643333333	0.600302932099
6.7	0.4652795	-0.481629166667	0.69928595679
6.75	0.442127	-0.445423611111	0.792075925926
6.8	0.420518	-0.404073055556	0.925517746914
6.85	0.4014815	-0.355386111111	1.1190904321
6.9	0.3846745	-0.296695	1.38163364198
6.95	0.3706115	-0.214851388889	1.56403765432
7	0.3627225	-0.125385555556	1.44192330247
7.05	0.3592925	-0.0593580555556	1.07737993827
7.1	0.3579205	-0.0186744444444	0.698174382716
7.15	0.3579205	0.00657416666667	0.389897839506
7.2	0.359121	0.0179122222222	0.148262808642
7.25	0.36015	0.0185791666667	-0.0213316358025
7.3	0.361179	0.0133388888889	-0.126666512346
7.35	0.3616935	0.00343	-0.16678904321
7.4	0.361522	-0.00647888888889	-0.13375941358
7.45	0.360836	-0.0119097222222	-0.0526674382716
7.5	0.36015	-0.0124813888889	0.0443041666667
7.55	0.3592925	-0.00666944444444	0.117720987654
7.6	0.3592925	0.00285833333333	0.113909876543
7.65	0.359807	0.00800333333333	0.0372641975309
7.7	0.3603215	0.00762222222222	-0.0648418209877
7.75	0.360836	0.000762222222222	-0.1414875
7.8	0.3606645	-0.0105758333333	-0.125290277778
7.85	0.3596355	-0.0179122222222	0.00931604938272
7.9	0.358092	-0.01029	0.151968055556
7.95	0.3582635	0.0042875	0.158531635802
8	0.3589495	0.0112427777778	0.0463155864198
8.05	0.359807	0.00905138888889	-0.0770691358025
8.1	0.36015	9.52777777778E-05	-0.128413271605
8.15	0.359807	-0.008575	-0.0773337962963
8.2	0.3589495	-0.0100994444444	0.0253544753086
8.25	0.358435	-0.00419222222222	0.0903550925926
8.3	0.358435	0.00352527777778	0.0643654320988
8.35	0.359121	0.00495444444444	-0.0149797839506
8.4	0.3592925	-0.000476388888889	-0.0494385802469
8.45	0.3589495	-0.00390638888889	-0.0106922839506
8.5	0.3586065	-0.00190555555556	0.0364172839506
8.55	0.3586065	0.00285833333333	0.0270483024691
8.6	0.359121	0.00343	-0.0293773148148
8.65	0.3592925	-0.00209611111111	-0.0489092592593
8.7	0.358778	-0.00524027777778	0.000529320987655
8.75	0.358435	-0.00219138888889	0.0534084876543
8.8	0.358435	0.00323944444444	0.0485387345679
8.85	0.3589495	0.00524027777778	-0.00492268518518
8.9	0.3592925	0.00123861111111	-0.0346705246914
8.95	0.3589495	-0.00104805555556	-0.0149797839506
9	0.3589495	0.000476388888889	-0.00280540123457
9.05	0.359121	0.000285833333334	-0.0148209876543
9.1	0.359121	-0.00200083333333	-0.0122802469136
9.15	0.358778	-0.00209611111111	0.00831033950617
9.2	0.358778	-1.18286457018E-16	0.0121214506173
9.25	0.3589495	-0.000285833333333	0.00635185185185
9.3	0.358778	-0.0008575	0.0206435185185
9.35	0.3586065	0.00238194444444	0.022337345679
9.4	0.359121	0.00371583333333	-0.0132330246914
9.45	0.3592925	-9.5277777778E-05	-0.0294831790123
9.5	0.3589495	-0.00152444444444	-0.00693410493827
9.55	0.3589495	0.000190555555556	0.0029112654321
9.6	0.359121	-0.000190555555556	-0.00423456790124
9.65	0.3589495	-0.000952777777778	-0.00116450617284
9.7	0.3589495	-0.000476388888889	0.00529320987655
9.75	0.3589495	-0.000571666666667	0.013762345679
9.8	0.358778	0.00123861111111	0.0140534722222
9.85	0.359121	0.00200083333333	-0.0067488425926
9.9	0.359121	0.000285833333333	-0.0229460648148
9.95	0.359121	-0.00109569444444	-0.0268630401235
10	0.3589495	-0.00247722222222	-0.0280010802469
